25	1	3	4	5
148	2	1	2	16
234	3	16
48	4	1	5	8
76	5	6	8	16
1060	6	8
210	7	8	15
390	8	4	5	8
503	6	8
189	9	8	17
230	10	6	16
298	10	6	16
433	11	5
134	12	8	14
69	6	8
40	13	5	14
325	14	1	5	6	11	16
1234	6	8
1070	6	8
60	12	8	14
107	15	1	2	5	12	16
409	16	1	8	17
95	17	8	16
614	18	1	2	6
87	11	5
65	11	5
590	19	1
472	20	1	8	16
15	21	1	2	5	6
909	6	8
865	22	8	16	17
39	23	7
250	24	1	14	16
776	25	5	8
1280	26	2	4	8
725	12	8	14
928	6	8
544	27	15	16
463	28	1	6	15
14	11	5
954	11	5
735	11	5
616	17	8	16
470	17	8	16
943	25	5	8
1212	6	8
338	25	5	8
171	23	7
448	13	5	14
358	29	1	2	14	15	17
4	30	8	14	17	18
474	6	8
528	31	1	16
80	20	1	8	16
400	32	6	8	14	16
217	33	6	8
380	6	8
391	6	8
575	6	8
331	6	8
170	6	8
297	34	1	2	15
821	35	4	5
240	6	8
204	25	5	8
292	13	5	14
835	11	5
209	24	1	14	16
192	36	5	14	17
424	13	5	14
310	37	3	4	12
550	38	5	6	9
557	39	1	5	18
941	4	1	5	8
1325	23	7
1010	33	6	8
173	17	8	16
314	26	2	4	8
157	31	1	16
329	40	1	5	17
406	13	5	14
232	34	1	2	15
694	13	5	14
985	41	11	15
592	11	5
10	6	8
548	6	8
34	13	5	14
218	42	10	15
779	43	5	14	16
530	44	4	5	12
500	45	1	6	14
535	25	5	8
364	35	4	5
27	46	3	4	5	12
103	47	1	15	16
321	48	2	8	18
32	17	8	16
481	37	3	4	12
50	5	6	8	16
797	49	1	2	3	11	15
727	50	3	4
777	37	3	4	12
918	11	5
556	11	5
191	17	8	16
567	6	8
1007	11	5
199	51	5	15
522	52	1	2	5	17
84	13	5	14
1191	53	2	4
663	6	8
613	54	3
722	23	7
666	11	5
141	2	1	2	16
24	2	1	2	16
1136	23	7
468	55	5	6
404	56	1	15	17
511	11	5
862	57	5	11
874	58	8	13
553	12	8	14
388	6	8
190	59	1	6	8
445	31	1	16
502	32	6	8	14	16
1317	60	6
547	12	8	14
101	61	2	4	8	12
221	62	8	14	17
261	6	8
119	63	8	13	15	16
937	6	8
149	6	8
599	35	4	5
832	35	4	5
123	53	2	4
219	64	2	4	9	15
386	65	2	4	12
57	66	12
23	31	1	16
216	47	1	15	16
225	6	8
453	31	1	16
578	67	1	2
871	6	8
372	25	5	8
104	68	2	4	5
504	51	5	15
222	11	5
89	11	5
527	69	12	14
352	10	6	16
741	9	8	17
946	11	5
896	70	13	16
251	6	8
457	71	1	14
541	6	8
304	11	5
151	72	1	2	15	16
72	6	8
639	6	8
818	11	5
368	11	5
278	73	3	5
857	74	5	8	14
200	51	5	15
162	75	1	2	8	14	15	17
322	76	1	2	5	14
102	67	1	2
289	77	15
312	78	1	15	16	17
146	79	1	18
186	6	8
493	77	15
572	9	8	17
53	29	1	2	14	15	17
357	33	6	8
257	80	1	11	15	16
374	81	1	2	5	11	15
362	82	11	14	16
308	83	1	5	12
360	59	1	6	8
318	16	1	8	17
237	73	3	5
483	9	8	17
255	58	8	13
731	6	8
33	6	8
35	55	5	6
113	47	1	15	16
54	6	8
274	12	8	14
236	3	16
276	9	8	17
114	84	11
45	85	1	2	5	11
180	13	5	14
507	86	18
248	51	5	15
726	9	8	17
293	87	2	3	15	16
691	88	1	8	14
97	57	5	11
94	89	5	8	12
348	67	1	2
343	90	5	17
263	6	8
568	12	8	14
196	91	8	12	17
245	6	8
167	13	5	14
339	92	11	14
212	3	16
62	84	11
177	13	5	14
596	6	8
13	34	1	2	15
624	17	8	16
1023	6	8
444	35	4	5
759	31	1	16
254	34	1	2	15
183	34	1	2	15
77	34	1	2	15
475	34	1	2	15
147	21	1	2	5	6
66	39	1	5	18
505	19	1
30	93	1	11
182	94	1	5	15	17
1197	25	5	8
78	12	8	14
330	11	5
558	95	6	8	15
414	73	3	5
47	96	1	14	17
1	11	5
669	35	4	5
771	20	1	8	16
118	97	1	8	16	17
31	12	8	14
1273	98	1	2	4
74	55	5	6
383	11	5
306	99	1	15
523	11	5
351	72	1	2	15	16
649	12	8	14
707	18	1	2	6
178	13	5	14
264	13	5	14
11	100	1	2	5	15
158	7	8	15
340	35	4	5
815	101	1	13	15	16
1003	35	4	5
864	6	8
628	19	1
117	27	15	16
7	31	1	16
931	67	1	2
805	102	0
140	12	8	14
492	11	5
961	103	8	15	16
270	104	1	2	15	17
131	6	8
142	105	1	6	16
18	13	5	14
90	12	8	14
696	12	8	14
29	6	8
349	12	8	14
328	6	8
179	12	8	14
152	31	1	16
648	6	8
601	12	8	14
407	13	5	14
513	6	8
290	62	8	14	17
488	6	8
61	106	11	16
361	107	8	12
708	11	5
299	70	13	16
421	6	8
428	33	6	8
96	11	5
447	31	1	16
1417	6	8
970	6	8
154	47	1	15	16
586	108	6	8	10
653	31	1	16
405	11	5
2	109	6	10	13	16
244	6	8
41	53	2	4
347	6	8
381	12	8	14
105	110	6	11	13	16
672	111	4	8	9
692	60	6
512	6	8
808	112	8	14	16
682	113	5	6	8	13
720	88	1	8	14
910	114	1	4
326	17	8	16
631	25	5	8
112	6	8
201	9	8	17
569	115	5	12	14
820	23	7
252	11	5
52	70	13	16
145	31	1	16
498	116	13
332	17	8	16
861	16	1	8	17
44	117	6	8	13
99	118	1	13	14	16
892	5	6	8	16
926	6	8
609	119	2	16
49	5	6	8	16
281	70	13	16
214	120	1	6	13
621	11	5
956	10	6	16
714	121	5	8	16
86	11	5
207	122	1	8
752	6	8
977	11	5
1117	123	5	13
253	124	1	11	15
215	6	8
843	25	5	8
5	33	6	8
185	25	5	8
960	5	6	8	16
1167	31	1	16
354	125	1	13	16
1122	84	11
1018	126	5	12
1182	124	1	11	15
555	13	5	14
610	127	2	15	16
784	128	8	13	16
241	6	8
1024	72	1	2	15	16
998	3	16
172	23	7
811	10	6	16
1043	83	1	5	12
652	19	1
718	11	5
359	6	8
81	6	8
227	11	5
127	11	5
850	11	5
382	17	8	16
375	12	8	14
620	11	5
1114	34	1	2	15
964	114	1	4
543	6	8
415	11	5
3	35	4	5
284	6	8
124	84	11
574	34	1	2	15
378	13	5	14
93	25	5	8
1101	35	4	5
56	11	5
115	76	1	2	5	14
608	11	5
17	6	8
1241	129	1	5
1038	53	2	4
1166	11	5
979	129	1	5
21	6	8
529	11	5
973	130	5	13	14
800	11	5
679	131	5	6	11
540	19	1
1063	132	1	2	4	15
418	133	1	2	5
1349	35	4	5
206	11	5
294	43	5	14	16
83	134	1	2	6	8
346	50	3	4
137	135	1	2	13
371	106	11	16
333	11	5
181	136	3	5	16
435	25	5	8
268	11	5
657	137	5	9	14	15
515	11	5
859	84	11
867	11	5
1096	138	4	5	18
71	139	4	8
425	139	4	8
545	37	3	4	12
136	44	4	5	12
878	37	3	4	12
519	12	8	14
1129	1	3	4	5
58	140	4	8	9	15
635	84	11
285	11	5
664	141	1	3	4	15	16	17
67	6	8
650	11	5
636	7	8	15
259	90	5	17
355	67	1	2
51	37	3	4	12
480	11	5
1021	77	15
623	39	1	5	18
315	84	11
1174	84	11
1487	84	11
440	84	11
494	84	11
778	84	11
1340	84	11
155	84	11
1041	41	11	15
1006	84	11
1492	84	11
514	84	11
395	84	11
459	34	1	2	15
629	34	1	2	15
9	115	5	12	14
169	93	1	11
870	93	1	11
580	6	8
159	19	1
894	129	1	5
794	26	2	4	8
1077	6	8
1295	6	8
323	6	8
501	6	8
300	12	8	14
510	142	2
845	6	8
8	143	2	4	14
139	3	16
980	6	8
228	6	8
736	6	8
747	86	18
121	9	8	17
532	144	1	2	9
782	37	3	4	12
6	145	15	17
356	6	8
174	11	5
531	35	4	5
187	13	5	14
126	70	13	16
79	146	5	16
921	25	5	8
695	55	5	6
175	62	8	14	17
242	147	10	13
111	69	12	14
22	13	5	14
486	13	5	14
612	148	10
897	149	10	14	16
868	43	5	14	16
538	67	1	2
455	6	8
724	116	13
730	11	5
906	150	2	5
100	6	8
429	11	5
92	151	1	2	14	17
688	6	8
949	53	2	4
233	37	3	4	12
924	90	5	17
1152	6	8
138	33	6	8
327	70	13	16
476	6	8
226	6	8
243	6	8
461	6	8
619	152	1	8	18
539	153	2	17
68	74	5	8	14
542	70	13	16
109	13	5	14
59	16	1	8	17
593	11	5
600	74	5	8	14
82	6	8
983	142	2
231	153	2	17
889	9	8	17
296	25	5	8
562	25	5	8
582	11	5
751	147	10	13
63	154	1	2	8
658	6	8
755	9	8	17
768	6	8
754	142	2
334	12	8	14
922	155	14
903	116	13
1326	6	8
746	13	5	14
849	6	8
1139	6	8
1168	37	3	4	12
716	35	4	5
427	19	1
1238	67	1	2
710	156	3	4	12	14
525	107	8	12
856	157	6	8	14
1268	13	5	14
26	31	1	16
740	60	6
934	158	4	9
974	62	8	14	17
369	31	1	16
1087	84	11
686	77	15
719	12	8	14
198	67	1	2
1100	6	8
806	86	18
1084	107	8	12
291	159	8	9	16
143	160	8	11
842	161	2	4	5	9	14	15
422	160	8	11
939	162	1	2	18
1074	84	11
43	57	5	11
1245	106	11	16
477	2	1	2	16
884	84	11
202	24	1	14	16
605	160	8	11
875	86	18
685	146	5	16
496	31	1	16
603	163	11	15	16
987	164	13	14	16
765	165	5	18
220	18	1	2	6
283	51	5	15
699	99	1	15
999	11	5
633	13	5	14
711	17	8	16
670	12	8	14
521	10	6	16
888	139	4	8
577	11	5
451	19	1
335	58	8	13
434	37	3	4	12
506	86	18
879	124	1	11	15
205	17	8	16
1257	70	13	16
452	166	17
1233	12	8	14
229	3	16
341	37	3	4	12
279	31	1	16
1213	25	5	8
1312	19	1
1490	167	4
1169	153	2	17
602	69	12	14
37	70	13	16
320	11	5
764	66	12
885	6	8
966	168	14	16
1080	164	13	14	16
443	11	5
950	66	12
385	169	6	10	13
301	6	8
1047	11	5
829	6	8
796	3	16
584	41	11	15
604	6	8
860	6	8
566	17	8	16
456	6	8
965	86	18
920	53	2	4
213	35	4	5
836	37	3	4	12
85	50	3	4
449	139	4	8
684	6	8
863	33	6	8
853	126	5	12
785	126	5	12
316	170	1	8	14	17
441	6	8
1029	6	8
563	23	7
1008	84	11
901	72	1	2	15	16
1165	57	5	11
990	6	8
1128	6	8
295	6	8
674	9	8	17
402	108	6	8	10
812	12	8	14
536	23	7
1108	23	7
1098	86	18
698	9	8	17
106	13	5	14
272	5	6	8	16
819	6	8
630	16	1	8	17
823	25	5	8
940	171	6	10	16
497	172	10	13	16
432	173	2	5	8
1048	171	6	10	16
661	174	10	16
122	6	8
489	175	5	13	16
466	6	8
437	86	18
265	12	8	14
551	11	5
1109	6	8
438	80	1	11	15	16
1515	84	11
1267	84	11
1338	93	1	11
1263	84	11
618	163	11	15	16
693	84	11
887	84	11
161	174	10	16
656	84	11
1027	84	11
644	6	8
1476	23	7
275	17	8	16
55	67	1	2
392	67	1	2
1104	84	11
595	176	11	13	16
579	11	5
802	31	1	16
98	31	1	16
471	122	1	8
732	90	5	17
188	11	5
891	31	1	16
73	9	8	17
1001	177	10	15	16
439	74	5	8	14
647	6	8
1064	155	14
235	25	5	8
491	17	8	16
798	6	8
1170	6	8
319	6	8
969	11	5
1314	23	7
914	13	5	14
607	6	8
813	12	8	14
239	69	12	14
1315	84	11
450	6	8
588	6	8
277	13	5	14
795	11	5
1188	6	8
363	25	5	8
1115	6	8
748	12	8	14
324	25	5	8
317	12	8	14
417	17	8	16
713	11	5
164	90	5	17
376	178	1	2	8	14
384	11	5
1020	11	5
668	25	5	8
258	12	8	14
549	11	5
1270	139	4	8
932	12	8	14
890	51	5	15
473	6	8
1355	12	8	14
309	74	5	8	14
367	13	5	14
1067	12	8	14
1049	11	5
1017	6	8
499	12	8	14
581	25	5	8
750	13	5	14
436	13	5	14
408	12	8	14
393	17	8	16
365	17	8	16
769	31	1	16
401	9	8	17
761	11	5
208	11	5
591	13	5	14
176	24	1	14	16
246	13	5	14
116	6	8
262	24	1	14	16
840	31	1	16
1156	6	8
756	10	6	16
160	179	1	2	4	9	15
132	11	5
1412	23	7
302	27	15	16
1184	19	1
772	77	15
533	31	1	16
366	6	8
615	11	5
676	13	5	14
834	13	5	14
787	23	7
238	84	11
28	53	2	4
833	180	1	2	13	15
350	109	6	10	13	16
758	47	1	15	16
733	6	8
729	3	16
478	84	11
854	74	5	8	14
1204	6	8
968	84	11
671	74	5	8	14
622	19	1
469	11	5
311	13	5	14
1089	6	8
1113	13	5	14
1219	160	8	11
16	13	5	14
828	13	5	14
133	25	5	8
1081	106	11	16
110	25	5	8
194	11	5
895	167	4
587	11	5
786	11	5
144	12	8	14
1110	35	4	5
38	13	5	14
838	99	1	15
1364	19	1
1543	6	8
1224	106	11	16
1022	11	5
927	181	1	2	6	16
1291	16	1	8	17
1337	11	5
982	123	5	13
495	59	1	6	8
660	6	8
744	122	1	8
426	182	1	8	13
830	19	1
981	23	7
413	53	2	4
223	23	7
1151	23	7
125	12	8	14
886	84	11
1368	6	8
1120	11	5
905	11	5
465	183	2	3	4	5	9
717	13	5	14
1251	6	8
307	171	6	10	16
389	11	5
1037	47	1	15	16
705	142	2
873	2	1	2	16
933	53	2	4
247	67	1	2
1034	125	1	13	16
524	72	1	2	15	16
108	111	4	8	9
1019	19	1
1198	106	11	16
626	115	5	12	14
130	13	5	14
1242	6	8
913	19	1
869	106	11	16
770	152	1	8	18
912	31	1	16
203	8	4	5	8
876	35	4	5
877	60	6
303	11	5
763	12	8	14
598	184	7	8
709	174	10	16
370	71	1	14
1126	23	7
1514	6	8
1389	17	8	16
807	57	5	11
1196	57	5	11
703	185	1	8	13	14	16
1057	25	5	8
1250	23	7
546	84	11
893	57	5	11
559	106	11	16
1210	84	11
1252	68	2	4	5
781	6	8
410	11	5
1146	6	8
446	13	5	14
944	6	8
637	6	8
373	13	5	14
462	155	14
1078	11	5
224	155	14
377	13	5	14
737	6	8
571	12	8	14
945	129	1	5
485	186	2	14
996	187	4	5	13
269	188	1	16	17
852	6	8
1230	129	1	5
825	6	8
839	6	8
1000	23	7
1262	84	11
701	168	14	16
951	6	8
1193	6	8
1201	155	14
1258	67	1	2
1378	9	8	17
336	189	4	5	9
1203	11	5
986	35	4	5
882	106	11	16
1121	6	8
1596	34	1	2	15
667	6	8
1474	6	8
396	6	8
423	11	5
1099	190	5	6	13	16
256	12	8	14
681	25	5	8
398	12	8	14
745	12	8	14
1209	11	5
642	11	5
1399	6	8
1130	6	8
1616	33	6	8
1385	31	1	16
1051	11	5
1316	191	6	8	13	16
923	6	8
1282	47	1	15	16
1434	20	1	8	16
953	155	14
64	192	2	15
1435	6	8
734	12	8	14
379	86	18
509	6	8
1035	193	2	8
971	27	15	16
526	11	5
490	6	8
972	160	8	11
632	35	4	5
166	2	1	2	16
416	27	15	16
847	35	4	5
1176	6	8
1105	6	8
1376	9	8	17
1085	74	5	8	14
520	6	8
344	13	5	14
749	17	8	16
1111	11	5
397	25	5	8
704	6	8
387	3	16
193	194	5	8	17
585	195	5	13	14	16
1050	50	3	4
916	186	2	14
460	13	5	14
611	12	8	14
589	6	8
273	196	2	4	9
1207	11	5
617	25	5	8
1002	23	7
135	12	8	14
1181	6	8
1469	11	5
911	6	8
286	11	5
342	6	8
412	6	8
1072	6	8
570	17	8	16
1061	25	5	8
822	126	5	12
1025	155	14
1254	6	8
1178	66	12
817	50	3	4
1236	11	5
803	90	5	17
1106	6	8
1510	23	7
565	17	8	16
810	3	16
1036	47	1	15	16
517	19	1
1040	70	13	16
42	17	8	16
790	6	8
1473	6	8
537	2	1	2	16
801	3	16
266	3	16
1260	6	8
1092	3	16
1610	3	16
900	13	5	14
1226	37	3	4	12
816	12	8	14
1028	60	6
1140	146	5	16
936	197	2	3	4	5	12
1303	6	8
583	11	5
938	35	4	5
814	11	5
1259	11	5
975	11	5
917	165	5	18
837	11	5
1133	11	5
479	187	4	5	13
1123	198	8	18
780	6	8
773	7	8	15
673	11	5
1124	6	8
978	6	8
484	6	8
677	60	6
645	25	5	8
1014	2	1	2	16
12	11	5
403	139	4	8
88	2	1	2	16
288	6	8
211	6	8
641	31	1	16
915	70	13	16
700	6	8
467	23	7
1173	11	5
1185	155	14
929	20	1	8	16
1467	25	5	8
1588	19	1
197	13	5	14
1384	11	5
967	11	5
1433	53	2	4
1149	35	4	5
573	53	2	4
508	67	1	2
156	11	5
984	199	5	9
753	115	5	12	14
1406	3	16
419	6	8
1137	13	5	14
634	13	5	14
19	70	13	16
1062	11	5
706	25	5	8
1246	6	8
560	3	16
337	11	5
683	13	5	14
70	11	5
1091	12	8	14
1068	11	5
487	57	5	11
962	6	8
1211	11	5
1531	6	8
1271	84	11
690	11	5
1278	193	2	8
824	11	5
345	53	2	4
394	25	5	8
1079	6	8
594	139	4	8
1411	200	6	10
518	201	7	17
955	50	3	4
267	11	5
1265	6	8
993	5	6	8	16
458	11	5
1150	11	5
1065	13	5	14
809	3	16
1055	25	5	8
1339	6	8
1304	202	1	2	3	4	9
1177	3	16
576	50	3	4
168	126	5	12
1427	11	5
36	60	6
1011	6	8
1199	10	6	16
994	23	7
1227	12	8	14
271	6	8
1255	19	1
1225	19	1
1160	24	1	14	16
1005	3	16
195	203	2	3	4	12
1310	11	5
907	11	5
697	11	5
775	11	5
1428	155	14
1075	6	8
184	11	5
411	6	8
464	74	5	8	14
678	58	8	13
1030	13	5	14
1358	25	5	8
1112	204	5	6	8
1059	2	1	2	16
1125	33	6	8
715	6	8
1053	6	8
665	17	8	16
353	205	1	5	12	15
1443	6	8
1004	6	8
988	6	8
420	11	5
282	74	5	8	14
804	142	2
957	6	8
948	11	5
655	12	8	14
1179	11	5
1379	107	8	12
1647	33	6	8
1161	6	8
1157	206	14	17
1288	3	16
1116	193	2	8
1118	6	8
1147	23	7
723	207	8	13	14
1617	23	7
992	3	16
935	12	8	14
552	196	2	4	9
129	6	8
1009	107	8	12
1144	6	8
46	12	8	14
1423	208	1	5	6	8
739	105	1	6	16
1269	11	5
1066	23	7
662	23	7
1220	10	6	16
1577	6	8
1541	6	8
1499	6	8
120	6	8
1285	6	8
883	6	8
597	6	8
702	60	6
1107	206	14	17
91	107	8	12
1402	77	15
1542	13	5	14
1373	33	6	8
743	84	11
1253	6	8
1454	209	13	15
643	12	8	14
638	122	1	8
640	11	5
1032	6	8
826	167	4
675	25	5	8
1247	11	5
1216	11	5
1172	6	8
958	6	8
1015	25	5	8
1535	6	8
1052	11	5
1453	12	8	14
1361	17	8	16
1232	155	14
1344	9	8	17
1308	11	5
561	11	5
848	11	5
866	129	1	5
313	129	1	5
793	11	5
947	129	1	5
20	23	7
1447	90	5	17
689	25	5	8
1056	60	6
1093	39	1	5	18
1039	6	8
1162	13	5	14
1494	33	6	8
1143	6	8
1335	6	8
844	33	6	8
1318	6	8
1593	6	8
260	25	5	8
442	10	6	16
799	57	5	11
1386	139	4	8
1648	23	7
1164	11	5
1073	115	5	12	14
1461	194	5	8	17
1493	6	8
788	11	5
827	3	16
742	5	6	8	16
646	11	5
1071	27	15	16
128	12	8	14
1058	207	8	13	14
1194	5	6	8	16
1408	6	8
1012	99	1	15
738	155	14
163	3	16
721	11	5
1266	210	3	4	5	14
454	6	8
1180	6	8
831	19	1
1309	6	8
287	6	8
1090	11	5
1127	33	6	8
1145	6	8
774	19	1
712	17	8	16
880	11	5
1261	122	1	8
1192	23	7
1561	6	8
1549	11	5
1445	60	6
1275	6	8
1403	25	5	8
1410	6	8
1102	211	1	2	14
153	212	3	15
1046	25	5	8
997	11	5
1520	84	11
1183	19	1
564	60	6
431	11	5
1279	86	18
554	3	16
728	11	5
851	19	1
1560	11	5
1380	6	8
1153	3	16
1190	11	5
1501	6	8
1622	6	8
1353	6	8
1195	13	5	14
1187	13	5	14
680	6	8
1404	6	8
959	155	14
791	6	8
1370	6	8
1016	6	8
898	6	8
165	6	8
1095	6	8
1398	13	5	14
1159	11	5
1307	11	5
1094	25	5	8
1321	17	8	16
1235	27	15	16
1377	3	16
1175	6	8
1103	213	1	6
687	107	8	12
1329	53	2	4
1422	60	6
783	6	8
1206	6	8
1083	11	5
766	58	8	13
1277	6	8
534	115	5	12	14
1430	11	5
482	11	5
855	155	14
1441	12	8	14
925	11	5
1076	158	4	9
1437	64	2	4	9	15
1221	23	7
249	25	5	8
1244	25	5	8
1215	12	8	14
767	126	5	12
952	12	8	14
1217	12	8	14
1283	11	5
1311	11	5
1229	19	1
1459	213	1	6
1387	11	5
989	6	8
1346	23	7
1424	25	5	8
1243	6	8
1292	6	8
1468	25	5	8
1138	25	5	8
1293	172	10	13	16
991	2	1	2	16
841	12	8	14
762	6	8
1382	6	8
1154	23	7
1537	6	8
872	6	8
1568	11	5
919	11	5
1550	6	8
881	17	8	16
1663	6	8
1470	6	8
627	6	8
1013	6	8
1626	6	8
1330	6	8
1420	23	7
606	6	8
1395	25	5	8
625	6	8
1559	6	8
150	189	4	5	9
1448	11	5
1332	6	8
1425	25	5	8
1530	155	14
1665	6	8
789	6	8
1300	6	8
1363	6	8
1565	6	8
654	6	8
1054	6	8
846	6	8
1438	11	5
651	6	8
1026	11	5
1666	6	8
1287	155	14
1333	6	8
1457	6	8
1636	11	5
1320	206	14	17
1533	19	1
1460	6	8
1375	11	5
1276	11	5
1086	19	1
1421	23	7
930	19	1
1597	122	1	8
1653	184	7	8
1240	54	3
1200	6	8
1351	6	8
1208	17	8	16
1148	57	5	11
1097	19	1
1222	102	0
1284	11	5
1390	6	8
792	11	5
1367	13	5	14
1155	23	7
1328	155	14
1569	6	8
1529	6	8
1630	6	8
760	53	2	4
1141	6	8
1249	13	5	14
1171	77	15
1297	155	14
1286	6	8
1440	6	8
1205	60	6
1416	6	8
1365	6	8
280	31	1	16
904	155	14
1393	6	8
1323	6	8
659	6	8
1324	6	8
1450	3	16
1388	12	8	14
1135	6	8
1479	6	8
1239	25	5	8
1302	11	5
1294	6	8
1374	12	8	14
995	19	1
1527	11	5
1189	50	3	4
1584	6	8
902	192	2	15
1446	50	3	4
1033	19	1
1554	19	1
1483	114	1	4
899	99	1	15
1319	6	8
1372	6	8
1045	99	1	15
1452	11	5
1350	6	8
1439	174	10	16
1599	9	8	17
1031	74	5	8	14
1186	25	5	8
1462	25	5	8
1248	6	8
516	11	5
1608	12	8	14
1274	6	8
1513	3	16
1306	6	8
1638	122	1	8
1342	155	14
1392	11	5
757	12	8	14
1458	11	5
1264	6	8
1331	33	6	8
1532	6	8
1357	12	8	14
1044	6	8
1313	6	8
75	187	4	5	13
1495	6	8
1218	11	5
1442	6	8
1659	6	8
1256	6	8
1400	186	2	14
305	3	16
1581	123	5	13
1506	33	6	8
1356	86	18
1352	86	18
1345	25	5	8
1301	25	5	8
1327	115	5	12	14
1163	66	12
1672	25	5	8
1509	11	5
430	157	6	8	14
1132	11	5
963	6	8
1498	25	5	8
1202	6	8
1620	6	8
1456	6	8
1296	53	2	4
1371	50	3	4
976	3	16
1418	51	5	15
1228	139	4	8
1540	13	5	14
1547	25	5	8
1413	148	10
1359	106	11	16
1069	59	1	6	8
1237	11	5
1214	68	2	4	5
1575	6	8
1589	23	7
1431	88	1	8	14
1042	129	1	5
1289	62	8	14	17
1555	6	8
1142	13	5	14
1507	6	8
1223	11	5
1578	11	5
1570	20	1	8	16
908	11	5
942	155	14
1627	11	5
1134	6	8
1472	55	5	6
399	23	7
1088	11	5
1491	11	5
1131	11	5
1391	166	17
1534	13	5	14
1119	53	2	4
1407	11	5
1381	33	6	8
1455	6	8
1517	11	5
1082	17	8	16
1595	11	5
1486	60	6
1523	11	5
1429	6	8
1444	11	5
1481	6	8
1600	186	2	14
1508	6	8
1366	6	8
858	6	8
1383	33	6	8
1158	84	11
1360	13	5	14
1409	3	16
1426	67	1	2
1272	6	8
1524	13	5	14
1502	112	8	14	16
1281	11	5
1484	6	8
1231	166	17
1290	6	8
1348	53	2	4
1516	6	8
1341	6	8
1347	55	5	6
1544	6	8
1298	6	8
1415	11	5
1362	6	8
1500	6	8
1518	53	2	4
1551	6	8
1643	6	8
1305	6	8
1624	11	5
1414	12	8	14
1649	6	8
1451	23	7
1585	31	1	16
1478	3	16
1401	11	5
1641	6	8
1556	19	1
1511	70	13	16
1334	6	8
1354	53	2	4
1644	20	1	8	16
1394	25	5	8
1482	6	8
1512	20	1	8	16
1475	60	6
1336	184	7	8
1397	23	7
1369	155	14
1656	6	8
1343	6	8
1432	6	8
1646	11	5
1526	13	5	14
1525	25	5	8
1558	11	5
1477	6	8
1573	6	8
1640	84	11
1658	166	17
1485	6	8
1522	214	9
1634	6	8
1322	6	8
1489	3	16
1419	155	14
1611	116	13
1299	148	10
1546	6	8
1612	6	8
1503	23	7
1405	59	1	6	8
1471	86	18
1463	25	5	8
1436	11	5
1464	6	8
1396	6	8
1449	6	8
1519	11	5
1673	23	7
1583	31	1	16
1504	47	1	15	16
1488	122	1	8
1480	10	6	16
1563	6	8
1579	11	5
1538	3	16
1528	6	8
1496	6	8
1657	171	6	10	16
1505	11	5
1623	60	6
1564	6	8
1465	26	2	4	8
1552	11	5
1571	45	1	6	14
1654	11	5
1562	155	14
1615	122	1	8
1557	25	5	8
1545	215	1	2	4	9
1497	6	8
1466	155	14
1606	213	1	6
1536	6	8
1539	11	5
1602	3	16
1625	11	5
1521	6	8
1548	3	16
1661	106	11	16
1674	25	5	8
1650	25	5	8
1576	6	8
1574	23	7
1681	6	8
1642	25	5	8
1605	166	17
1631	25	5	8
1621	6	8
1637	6	8
1667	6	8
1680	6	8
1669	33	6	8
1591	6	8
1679	6	8
1682	23	7
1572	6	8
1609	6	8
1582	11	5
1675	6	8
1604	122	1	8
1607	204	5	6	8
1639	6	8
1566	216	5	7
1592	6	8
1553	17	8	16
1619	155	14
1580	6	8
1587	11	5
1586	13	5	14
1567	13	5	14
1590	122	1	8
1601	6	8
1676	11	5
1594	6	8
1598	6	8
1603	12	8	14
1618	9	8	17
1614	11	5
1662	6	8
1635	6	8
1670	6	8
1655	11	5
1613	117	6	8	13
1664	146	5	16
1660	6	8
1628	6	8
1629	31	1	16
1678	6	8
1671	6	8
1651	6	8
1632	6	8
1645	6	8
1633	168	14	16
1652	12	8	14
1668	11	5
1677	6	8
